h2_pool :
[[[[0.00000000e+00 0.00000000e+00 5.98809123e-01 4.38452542e-01
    3.82592678e-01 0.00000000e+00 0.00000000e+00 6.17117226e-01
    2.25148857e-01 0.00000000e+00 0.00000000e+00 0.00000000e+00
    0.00000000e+00 0.00000000e+00 0.00000000e+00 0.00000000e+00
    0.00000000e+00 0.00000000e+00 3.47200334e-02 0.00000000e+00
    0.00000000e+00 0.00000000e+00 0.00000000e+00 0.00000000e+00
    0.00000000e+00 4.43568349e-01 0.00000000e+00 0.00000000e+00
    0.00000000e+00 0.00000000e+00 0.00000000e+00 6.26923800e-01
    0.00000000e+00 0.00000000e+00 0.00000000e+00 0.00000000e+00
    0.00000000e+00 0.00000000e+00 0.00000000e+00 5.52063286e-02
    0.00000000e+00 0.00000000e+00 0.00000000e+00 0.00000000e+00
    0.00000000e+00 0.00000000e+00 1.15225591e-01 0.00000000e+00
    0.00000000e+00 0.00000000e+00 0.00000000e+00 0.00000000e+00
    0.00000000e+00 0.00000000e+00 0.00000000e+00 0.00000000e+00
    0.00000000e+00 0.00000000e+00 0.00000000e+00 0.00000000e+00
    3.06226820e-01 0.00000000e+00 0.00000000e+00 7.86922872e-01]
   [0.00000000e+00 0.00000000e+00 0.00000000e+00 9.18891095e-03
    3.13797086e-01 0.00000000e+00 0.00000000e+00 3.00847918e-01
    0.00000000e+00 0.00000000e+00 0.00000000e+00 0.00000000e+00
    0.00000000e+00 0.00000000e+00 0.00000000e+00 0.00000000e+00
    0.00000000e+00 0.00000000e+00 2.35738680e-02 0.00000000e+00
    0.00000000e+00 0.00000000e+00 0.00000000e+00 0.00000000e+00
    0.00000000e+00 1.86482891e-02 0.00000000e+00 0.00000000e+00
    0.00000000e+00 4.14653542e-03 0.00000000e+00 5.83850980e-01
    0.00000000e+00 0.00000000e+00 0.00000000e+00 0.00000000e+00
    0.00000000e+00 0.00000000e+00 0.00000000e+00 2.62409002e-02
    0.00000000e+00 0.00000000e+00 0.00000000e+00 0.00000000e+00
    0.00000000e+00 0.00000000e+00 0.00000000e+00 0.00000000e+00
    0.00000000e+00 0.00000000e+00 0.00000000e+00 0.00000000e+00
    0.00000000e+00 0.00000000e+00 0.00000000e+00 0.00000000e+00
    0.00000000e+00 0.00000000e+00 0.00000000e+00 0.00000000e+00
    0.00000000e+00 0.00000000e+00 0.00000000e+00 9.83483970e-01]
   [0.00000000e+00 0.00000000e+00 0.00000000e+00 0.00000000e+00
    4.74889725e-02 0.00000000e+00 0.00000000e+00 0.00000000e+00
    0.00000000e+00 0.00000000e+00 3.50502074e-01 0.00000000e+00
    0.00000000e+00 0.00000000e+00 0.00000000e+00 0.00000000e+00
    0.00000000e+00 0.00000000e+00 3.47435102e-02 0.00000000e+00
    2.16208816e-01 0.00000000e+00 0.00000000e+00 0.00000000e+00
    0.00000000e+00 0.00000000e+00 0.00000000e+00 0.00000000e+00
    0.00000000e+00 2.63541937e-01 0.00000000e+00 0.00000000e+00
    0.00000000e+00 0.00000000e+00 0.00000000e+00 0.00000000e+00
    0.00000000e+00 0.00000000e+00 0.00000000e+00 6.00512981e-01
    0.00000000e+00 0.00000000e+00 0.00000000e+00 0.00000000e+00
    0.00000000e+00 0.00000000e+00 0.00000000e+00 0.00000000e+00
    0.00000000e+00 0.00000000e+00 0.00000000e+00 0.00000000e+00
    0.00000000e+00 0.00000000e+00 0.00000000e+00 0.00000000e+00
    0.00000000e+00 0.00000000e+00 0.00000000e+00 0.00000000e+00
    0.00000000e+00 0.00000000e+00 0.00000000e+00 9.32483137e-01]
   [0.00000000e+00 0.00000000e+00 0.00000000e+00 0.00000000e+00
    0.00000000e+00 1.70313865e-02 0.00000000e+00 0.00000000e+00
    2.98414350e-01 0.00000000e+00 1.00459885e-02 0.00000000e+00
    0.00000000e+00 0.00000000e+00 4.97155003e-02 0.00000000e+00
    0.00000000e+00 0.00000000e+00 3.47374938e-02 0.00000000e+00
    0.00000000e+00 0.00000000e+00 0.00000000e+00 0.00000000e+00
    0.00000000e+00 0.00000000e+00 0.00000000e+00 0.00000000e+00
    0.00000000e+00 6.52507722e-01 0.00000000e+00 0.00000000e+00
    0.00000000e+00 0.00000000e+00 0.00000000e+00 0.00000000e+00
    0.00000000e+00 0.00000000e+00 0.00000000e+00 8.88128698e-01
    0.00000000e+00 0.00000000e+00 0.00000000e+00 0.00000000e+00
    0.00000000e+00 0.00000000e+00 0.00000000e+00 0.00000000e+00
    0.00000000e+00 0.00000000e+00 0.00000000e+00 2.49262899e-01
    0.00000000e+00 0.00000000e+00 0.00000000e+00 8.18162411e-02
    0.00000000e+00 0.00000000e+00 0.00000000e+00 0.00000000e+00
    0.00000000e+00 0.00000000e+00 0.00000000e+00 0.00000000e+00]]

  [[1.36786448e-02 0.00000000e+00 0.00000000e+00 0.00000000e+00
    0.00000000e+00 0.00000000e+00 0.00000000e+00 0.00000000e+00
    0.00000000e+00 0.00000000e+00 0.00000000e+00 1.97575986e-01
    0.00000000e+00 0.00000000e+00 0.00000000e+00 9.23033133e-02
    0.00000000e+00 3.81278217e-01 0.00000000e+00 0.00000000e+00
    4.13617253e-01 0.00000000e+00 0.00000000e+00 2.06133768e-01
    0.00000000e+00 6.24248609e-02 0.00000000e+00 0.00000000e+00
    0.00000000e+00 0.00000000e+00 0.00000000e+00 0.00000000e+00
    3.02889287e-01 0.00000000e+00 0.00000000e+00 0.00000000e+00
    0.00000000e+00 0.00000000e+00 0.00000000e+00 0.00000000e+00
    9.53953862e-02 0.00000000e+00 0.00000000e+00 0.00000000e+00
    0.00000000e+00 0.00000000e+00 0.00000000e+00 0.00000000e+00
    0.00000000e+00 0.00000000e+00 0.00000000e+00 1.85772777e-01
    0.00000000e+00 0.00000000e+00 0.00000000e+00 0.00000000e+00
    0.00000000e+00 0.00000000e+00 7.46193886e-01 0.00000000e+00
    0.00000000e+00 1.77405223e-01 0.00000000e+00 0.00000000e+00]
   [0.00000000e+00 0.00000000e+00 0.00000000e+00 0.00000000e+00
    0.00000000e+00 0.00000000e+00 0.00000000e+00 0.00000000e+00
    0.00000000e+00 0.00000000e+00 0.00000000e+00 0.00000000e+00
    0.00000000e+00 0.00000000e+00 0.00000000e+00 0.00000000e+00
    0.00000000e+00 6.97617978e-02 0.00000000e+00 0.00000000e+00
    5.10351241e-01 0.00000000e+00 0.00000000e+00 0.00000000e+00
    0.00000000e+00 0.00000000e+00 0.00000000e+00 0.00000000e+00
    0.00000000e+00 0.00000000e+00 0.00000000e+00 0.00000000e+00
    2.52937347e-01 0.00000000e+00 0.00000000e+00 0.00000000e+00
    0.00000000e+00 0.00000000e+00 0.00000000e+00 0.00000000e+00
    0.00000000e+00 0.00000000e+00 0.00000000e+00 0.00000000e+00
    0.00000000e+00 0.00000000e+00 0.00000000e+00 0.00000000e+00
    0.00000000e+00 0.00000000e+00 0.00000000e+00 0.00000000e+00
    0.00000000e+00 0.00000000e+00 0.00000000e+00 0.00000000e+00
    0.00000000e+00 0.00000000e+00 0.00000000e+00 0.00000000e+00
    0.00000000e+00 0.00000000e+00 0.00000000e+00 0.00000000e+00]
   [0.00000000e+00 0.00000000e+00 0.00000000e+00 0.00000000e+00
    0.00000000e+00 0.00000000e+00 0.00000000e+00 0.00000000e+00
    0.00000000e+00 0.00000000e+00 1.19576603e-03 0.00000000e+00
    0.00000000e+00 0.00000000e+00 0.00000000e+00 0.00000000e+00
    0.00000000e+00 4.70310926e-01 0.00000000e+00 0.00000000e+00
    4.69979316e-01 0.00000000e+00 0.00000000e+00 0.00000000e+00
    0.00000000e+00 0.00000000e+00 0.00000000e+00 1.15694195e-01
    0.00000000e+00 0.00000000e+00 0.00000000e+00 0.00000000e+00
    3.17036122e-01 0.00000000e+00 0.00000000e+00 0.00000000e+00
    0.00000000e+00 0.00000000e+00 0.00000000e+00 0.00000000e+00
    0.00000000e+00 2.02685922e-01 0.00000000e+00 0.00000000e+00
    0.00000000e+00 0.00000000e+00 0.00000000e+00 0.00000000e+00
    0.00000000e+00 0.00000000e+00 0.00000000e+00 0.00000000e+00
    0.00000000e+00 0.00000000e+00 0.00000000e+00 0.00000000e+00
    0.00000000e+00 0.00000000e+00 0.00000000e+00 0.00000000e+00
    0.00000000e+00 0.00000000e+00 9.21028703e-02 0.00000000e+00]
   [0.00000000e+00 0.00000000e+00 0.00000000e+00 0.00000000e+00
    0.00000000e+00 6.09389007e-01 0.00000000e+00 0.00000000e+00
    0.00000000e+00 1.21543802e-01 0.00000000e+00 0.00000000e+00
    0.00000000e+00 0.00000000e+00 0.00000000e+00 0.00000000e+00
    0.00000000e+00 0.00000000e+00 0.00000000e+00 0.00000000e+00
    0.00000000e+00 0.00000000e+00 0.00000000e+00 0.00000000e+00
    0.00000000e+00 0.00000000e+00 0.00000000e+00 0.00000000e+00
    0.00000000e+00 0.00000000e+00 0.00000000e+00 0.00000000e+00
    0.00000000e+00 0.00000000e+00 0.00000000e+00 0.00000000e+00
    0.00000000e+00 0.00000000e+00 0.00000000e+00 0.00000000e+00
    0.00000000e+00 0.00000000e+00 0.00000000e+00 0.00000000e+00
    0.00000000e+00 0.00000000e+00 0.00000000e+00 3.69372487e-01
    0.00000000e+00 0.00000000e+00 1.50280073e-01 3.42352577e-02
    0.00000000e+00 0.00000000e+00 0.00000000e+00 0.00000000e+00
    0.00000000e+00 0.00000000e+00 0.00000000e+00 0.00000000e+00
    0.00000000e+00 1.39176384e-01 0.00000000e+00 0.00000000e+00]]

  [[0.00000000e+00 0.00000000e+00 0.00000000e+00 0.00000000e+00
    0.00000000e+00 0.00000000e+00 0.00000000e+00 0.00000000e+00
    0.00000000e+00 0.00000000e+00 0.00000000e+00 0.00000000e+00
    0.00000000e+00 0.00000000e+00 0.00000000e+00 0.00000000e+00
    2.17804894e-01 0.00000000e+00 7.60435238e-02 0.00000000e+00
    0.00000000e+00 0.00000000e+00 0.00000000e+00 0.00000000e+00
    0.00000000e+00 0.00000000e+00 0.00000000e+00 0.00000000e+00
    0.00000000e+00 0.00000000e+00 0.00000000e+00 0.00000000e+00
    0.00000000e+00 0.00000000e+00 0.00000000e+00 0.00000000e+00
    0.00000000e+00 0.00000000e+00 0.00000000e+00 0.00000000e+00
    0.00000000e+00 0.00000000e+00 0.00000000e+00 0.00000000e+00
    0.00000000e+00 0.00000000e+00 0.00000000e+00 0.00000000e+00
    0.00000000e+00 0.00000000e+00 0.00000000e+00 0.00000000e+00
    0.00000000e+00 0.00000000e+00 0.00000000e+00 0.00000000e+00
    0.00000000e+00 0.00000000e+00 0.00000000e+00 3.11425447e-01
    1.87364802e-01 0.00000000e+00 0.00000000e+00 0.00000000e+00]
   [0.00000000e+00 0.00000000e+00 0.00000000e+00 0.00000000e+00
    0.00000000e+00 0.00000000e+00 0.00000000e+00 0.00000000e+00
    0.00000000e+00 0.00000000e+00 0.00000000e+00 0.00000000e+00
    0.00000000e+00 0.00000000e+00 0.00000000e+00 0.00000000e+00
    0.00000000e+00 0.00000000e+00 0.00000000e+00 0.00000000e+00
    2.01892987e-01 0.00000000e+00 0.00000000e+00 0.00000000e+00
    0.00000000e+00 0.00000000e+00 0.00000000e+00 0.00000000e+00
    0.00000000e+00 0.00000000e+00 0.00000000e+00 0.00000000e+00
    0.00000000e+00 2.11468562e-02 0.00000000e+00 0.00000000e+00
    0.00000000e+00 0.00000000e+00 0.00000000e+00 0.00000000e+00
    0.00000000e+00 2.95112461e-01 0.00000000e+00 0.00000000e+00
    0.00000000e+00 0.00000000e+00 0.00000000e+00 0.00000000e+00
    0.00000000e+00 0.00000000e+00 0.00000000e+00 0.00000000e+00
    0.00000000e+00 0.00000000e+00 0.00000000e+00 0.00000000e+00
    0.00000000e+00 0.00000000e+00 0.00000000e+00 0.00000000e+00
    0.00000000e+00 0.00000000e+00 4.09104615e-01 0.00000000e+00]
   [0.00000000e+00 0.00000000e+00 0.00000000e+00 0.00000000e+00
    0.00000000e+00 0.00000000e+00 0.00000000e+00 0.00000000e+00
    0.00000000e+00 0.00000000e+00 0.00000000e+00 0.00000000e+00
    0.00000000e+00 0.00000000e+00 0.00000000e+00 0.00000000e+00
    0.00000000e+00 0.00000000e+00 0.00000000e+00 0.00000000e+00
    0.00000000e+00 0.00000000e+00 0.00000000e+00 0.00000000e+00
    0.00000000e+00 0.00000000e+00 0.00000000e+00 6.30174875e-02
    0.00000000e+00 0.00000000e+00 0.00000000e+00 0.00000000e+00
    0.00000000e+00 0.00000000e+00 0.00000000e+00 0.00000000e+00
    0.00000000e+00 0.00000000e+00 0.00000000e+00 0.00000000e+00
    0.00000000e+00 0.00000000e+00 0.00000000e+00 4.60644007e-01
    0.00000000e+00 0.00000000e+00 0.00000000e+00 0.00000000e+00
    0.00000000e+00 0.00000000e+00 0.00000000e+00 0.00000000e+00
    0.00000000e+00 0.00000000e+00 0.00000000e+00 0.00000000e+00
    0.00000000e+00 0.00000000e+00 0.00000000e+00 0.00000000e+00
    0.00000000e+00 0.00000000e+00 1.25818634e+00 0.00000000e+00]
   [0.00000000e+00 0.00000000e+00 0.00000000e+00 0.00000000e+00
    0.00000000e+00 0.00000000e+00 0.00000000e+00 0.00000000e+00
    0.00000000e+00 0.00000000e+00 0.00000000e+00 0.00000000e+00
    0.00000000e+00 0.00000000e+00 0.00000000e+00 3.10303539e-01
    0.00000000e+00 0.00000000e+00 0.00000000e+00 0.00000000e+00
    0.00000000e+00 0.00000000e+00 0.00000000e+00 0.00000000e+00
    0.00000000e+00 0.00000000e+00 0.00000000e+00 0.00000000e+00
    0.00000000e+00 0.00000000e+00 0.00000000e+00 0.00000000e+00
    0.00000000e+00 0.00000000e+00 0.00000000e+00 0.00000000e+00
    0.00000000e+00 0.00000000e+00 0.00000000e+00 0.00000000e+00
    0.00000000e+00 0.00000000e+00 4.51233596e-01 2.01484293e-01
    0.00000000e+00 0.00000000e+00 0.00000000e+00 3.13344389e-01
    0.00000000e+00 0.00000000e+00 0.00000000e+00 0.00000000e+00
    9.79024470e-02 0.00000000e+00 0.00000000e+00 0.00000000e+00
    0.00000000e+00 0.00000000e+00 0.00000000e+00 0.00000000e+00
    0.00000000e+00 0.00000000e+00 0.00000000e+00 0.00000000e+00]]

  [[0.00000000e+00 7.23003224e-02 0.00000000e+00 0.00000000e+00
    0.00000000e+00 0.00000000e+00 0.00000000e+00 0.00000000e+00
    0.00000000e+00 0.00000000e+00 0.00000000e+00 0.00000000e+00
    0.00000000e+00 0.00000000e+00 0.00000000e+00 0.00000000e+00
    0.00000000e+00 0.00000000e+00 2.40849957e-01 0.00000000e+00
    0.00000000e+00 0.00000000e+00 0.00000000e+00 0.00000000e+00
    4.04102951e-02 0.00000000e+00 0.00000000e+00 0.00000000e+00
    0.00000000e+00 0.00000000e+00 0.00000000e+00 0.00000000e+00
    0.00000000e+00 0.00000000e+00 0.00000000e+00 0.00000000e+00
    0.00000000e+00 0.00000000e+00 0.00000000e+00 1.46394372e-01
    0.00000000e+00 5.21145225e-01 0.00000000e+00 0.00000000e+00
    0.00000000e+00 0.00000000e+00 0.00000000e+00 0.00000000e+00
    0.00000000e+00 0.00000000e+00 0.00000000e+00 0.00000000e+00
    0.00000000e+00 0.00000000e+00 0.00000000e+00 0.00000000e+00
    0.00000000e+00 0.00000000e+00 0.00000000e+00 0.00000000e+00
    0.00000000e+00 0.00000000e+00 0.00000000e+00 0.00000000e+00]
   [0.00000000e+00 1.65043086e-01 0.00000000e+00 0.00000000e+00
    0.00000000e+00 0.00000000e+00 0.00000000e+00 0.00000000e+00
    0.00000000e+00 0.00000000e+00 0.00000000e+00 0.00000000e+00
    0.00000000e+00 0.00000000e+00 0.00000000e+00 0.00000000e+00
    0.00000000e+00 0.00000000e+00 0.00000000e+00 0.00000000e+00
    0.00000000e+00 0.00000000e+00 0.00000000e+00 0.00000000e+00
    0.00000000e+00 0.00000000e+00 0.00000000e+00 4.47279632e-01
    0.00000000e+00 0.00000000e+00 0.00000000e+00 0.00000000e+00
    0.00000000e+00 0.00000000e+00 0.00000000e+00 0.00000000e+00
    0.00000000e+00 0.00000000e+00 0.00000000e+00 0.00000000e+00
    0.00000000e+00 5.70849299e-01 0.00000000e+00 0.00000000e+00
    0.00000000e+00 0.00000000e+00 0.00000000e+00 0.00000000e+00
    0.00000000e+00 0.00000000e+00 0.00000000e+00 0.00000000e+00
    0.00000000e+00 0.00000000e+00 0.00000000e+00 0.00000000e+00
    0.00000000e+00 0.00000000e+00 0.00000000e+00 0.00000000e+00
    0.00000000e+00 0.00000000e+00 9.92854059e-01 0.00000000e+00]
   [0.00000000e+00 0.00000000e+00 0.00000000e+00 0.00000000e+00
    0.00000000e+00 0.00000000e+00 0.00000000e+00 0.00000000e+00
    0.00000000e+00 0.00000000e+00 0.00000000e+00 0.00000000e+00
    0.00000000e+00 0.00000000e+00 0.00000000e+00 3.83018464e-01
    0.00000000e+00 0.00000000e+00 0.00000000e+00 0.00000000e+00
    0.00000000e+00 0.00000000e+00 0.00000000e+00 0.00000000e+00
    0.00000000e+00 0.00000000e+00 0.00000000e+00 0.00000000e+00
    0.00000000e+00 0.00000000e+00 0.00000000e+00 0.00000000e+00
    0.00000000e+00 0.00000000e+00 0.00000000e+00 0.00000000e+00
    0.00000000e+00 0.00000000e+00 0.00000000e+00 0.00000000e+00
    0.00000000e+00 5.99004105e-02 5.01312464e-02 5.52072167e-01
    0.00000000e+00 0.00000000e+00 0.00000000e+00 4.85634431e-04
    0.00000000e+00 0.00000000e+00 0.00000000e+00 0.00000000e+00
    0.00000000e+00 0.00000000e+00 0.00000000e+00 0.00000000e+00
    0.00000000e+00 0.00000000e+00 0.00000000e+00 0.00000000e+00
    0.00000000e+00 0.00000000e+00 5.56731641e-01 0.00000000e+00]
   [0.00000000e+00 0.00000000e+00 0.00000000e+00 0.00000000e+00
    0.00000000e+00 0.00000000e+00 0.00000000e+00 0.00000000e+00
    0.00000000e+00 0.00000000e+00 0.00000000e+00 0.00000000e+00
    0.00000000e+00 0.00000000e+00 0.00000000e+00 2.50489742e-01
    0.00000000e+00 0.00000000e+00 0.00000000e+00 0.00000000e+00
    0.00000000e+00 0.00000000e+00 0.00000000e+00 0.00000000e+00
    0.00000000e+00 0.00000000e+00 0.00000000e+00 0.00000000e+00
    0.00000000e+00 0.00000000e+00 0.00000000e+00 0.00000000e+00
    1.98016539e-02 0.00000000e+00 0.00000000e+00 0.00000000e+00
    0.00000000e+00 0.00000000e+00 0.00000000e+00 0.00000000e+00
    0.00000000e+00 0.00000000e+00 3.55688810e-01 0.00000000e+00
    0.00000000e+00 0.00000000e+00 0.00000000e+00 0.00000000e+00
    0.00000000e+00 0.00000000e+00 0.00000000e+00 0.00000000e+00
    0.00000000e+00 0.00000000e+00 0.00000000e+00 0.00000000e+00
    0.00000000e+00 0.00000000e+00 0.00000000e+00 0.00000000e+00
    0.00000000e+00 0.00000000e+00 3.18448901e-01 0.00000000e+00]]]]

fc_4_w[:,6] :
[ 4.76617776e-02 -1.59792513e-01 -1.52139366e-01 -2.22427733e-02
 -8.36334974e-02 -5.54392599e-02 -2.17323586e-01  3.98404896e-02
  7.05784634e-02 -1.95492506e-01 -1.39701292e-01 -7.63753206e-02
 -2.25927327e-02 -1.06126018e-01 -7.76261762e-02  5.97433560e-02
 -1.07652761e-01  1.52977081e-02  2.88052522e-02  2.88774483e-02
  6.48681521e-02 -1.23734973e-01 -7.70226568e-02  3.69581878e-02
  1.66570172e-02 -2.08030105e-01 -1.03336591e-02 -1.88329667e-01
 -2.51561441e-02  1.41120143e-02 -1.03061870e-01 -1.18140854e-01
  7.78755769e-02  6.82080612e-02 -7.93379471e-02  4.22563739e-02
 -1.72330335e-01 -1.02601707e-01 -8.62029344e-02  2.72693448e-02
 -6.41368181e-02  2.87358984e-02 -1.14166863e-01 -7.57626891e-02
  6.20552562e-02 -8.60226601e-02 -1.43398017e-01 -1.59661978e-01
 -2.05905661e-01 -1.06608957e-01 -1.13340184e-01  5.04188053e-02
 -1.63169845e-03 -2.70909350e-02  1.47806788e-02  3.22464257e-02
  4.67365570e-02  7.45967478e-02  1.64264683e-02  5.31638823e-02
  1.00430418e-02 -1.81944460e-01 -4.41180803e-02 -1.75255150e-01
 -1.39167696e-01  2.27064006e-02 -1.62611246e-01 -8.37071911e-02
  2.05568951e-02 -2.23853625e-02 -5.64599447e-02 -7.72214383e-02
 -1.80593401e-01 -6.13750108e-02 -9.47054029e-02 -2.44976860e-02
 -1.38610527e-01 -2.81804428e-02  9.11688954e-02 -3.54127362e-02
 -1.06283508e-01  3.79014052e-02 -6.49150759e-02 -1.42941982e-01
 -3.18970792e-02 -1.37393668e-01 -1.74871728e-01 -8.24078918e-02
 -8.77587050e-02 -1.30420044e-01 -5.03453538e-02 -1.29574940e-01
 -1.25695542e-01 -8.62970669e-03  3.28440405e-02 -8.22565407e-02
 -1.32941827e-01  5.02117239e-02 -1.11426808e-01 -6.75256625e-02
  4.38513011e-02 -1.15310483e-01 -9.64413881e-02 -2.36140657e-02
 -4.21178713e-02  8.91563967e-02 -1.03152566e-01  8.60140845e-02
 -1.15531124e-01 -1.30898580e-01 -1.96958512e-01 -7.78122097e-02
 -1.60637468e-01 -8.25470611e-02 -1.46649405e-01  2.57007908e-02
 -1.20000049e-01  3.51195075e-02  1.29218148e-02 -1.99703068e-01
 -5.35414070e-02 -7.22117648e-02 -7.85459802e-02 -1.90395012e-01
 -1.75204113e-01 -9.69796926e-02  7.78798461e-02  1.30617078e-02
 -2.89557409e-02  5.89693040e-02  2.85908096e-02 -1.48174033e-01
  4.49278429e-02 -1.13730118e-01 -5.88944405e-02 -1.37781724e-01
 -1.13371707e-01 -1.23881154e-01 -1.35508642e-01 -9.59888697e-02
 -8.58785957e-02 -2.01068655e-01 -1.17682926e-01 -4.00312468e-02
  4.10390198e-02  1.91854499e-02 -1.55746937e-01 -4.55068378e-03
 -2.80265324e-02 -1.86788589e-01  4.34369929e-02 -1.08500160e-01
 -1.42654376e-02 -2.01004073e-01  3.73713709e-02 -3.32841910e-02
 -1.57507598e-01 -6.85839728e-02 -8.93091932e-02 -2.08457366e-01
 -1.28045291e-01  9.70994029e-03 -1.39190137e-01 -1.06487513e-01
  5.66360541e-02 -4.23814766e-02 -6.20154105e-02 -1.16793104e-01
 -1.27878129e-01  3.01349256e-02 -1.96477561e-03 -7.32123014e-03
 -6.70954883e-02 -1.85684800e-01 -1.40931413e-01  1.64287183e-02
 -1.98912144e-01 -1.25554830e-01  5.73942065e-02 -5.04517704e-02
 -3.30017544e-02  3.60179506e-02 -1.30632088e-01 -1.25731379e-01
 -1.61680188e-02  4.10016738e-02 -2.14386638e-02 -2.29878966e-02
 -1.49496064e-01 -5.18097878e-02 -1.98946521e-01 -2.71969382e-02
  2.58943532e-02 -1.66962400e-01  3.62117477e-02  2.75094677e-02
 -7.88873583e-02 -5.63466921e-03 -1.02899492e-01 -7.93026835e-02
 -9.14936364e-02 -1.33420005e-01 -1.51870906e-01  4.99659218e-02
 -1.86706230e-01 -1.03349328e-01  5.96607476e-02  3.62664275e-03
 -1.19499780e-01 -1.31035447e-01  3.46733406e-02  6.10181652e-02
 -1.38404936e-01 -1.16205059e-01  6.75330460e-02 -7.45820999e-02
  6.48933053e-02 -1.25973150e-01 -1.28559381e-01 -1.12156406e-01
  3.03099379e-02 -1.02311939e-01 -5.85254394e-02 -1.31925374e-01
 -6.34628236e-02  2.10054405e-02  1.84024055e-03 -1.27325073e-01
 -1.86806023e-01 -5.03288731e-02 -1.48432985e-01 -1.13734692e-01
 -1.51691556e-01 -6.53084889e-02 -3.10397763e-02 -5.48190624e-02
 -6.15115315e-02 -1.47916511e-01 -1.44782633e-01 -2.51917467e-02
 -1.74680389e-02  9.84877627e-03 -2.04493273e-02 -1.49873838e-01
  7.96214640e-02  4.45240811e-02  6.98624877e-03  4.97588664e-02
  1.07172681e-02  4.16483022e-02  4.86135297e-02 -1.76761374e-02
  3.54491323e-02  3.92903052e-02  3.62011753e-02 -8.35460648e-02
 -8.57048333e-02  3.56045738e-02 -1.17978491e-01 -2.30797663e-01
  3.23352963e-02 -1.85603082e-01 -1.28877312e-01 -5.90754412e-02
  2.98332181e-02 -1.35292292e-01 -1.73705578e-01 -1.32138893e-01
 -1.53226582e-02 -8.75054579e-03 -1.67180836e-01 -1.78287640e-01
 -1.20586343e-01 -1.19736336e-01  4.72213551e-02 -1.53952584e-01
 -1.03900865e-01 -1.52771413e-01  5.26236854e-02  2.61396412e-02
  2.56938860e-02 -1.90745175e-01  2.11417712e-02 -1.54218987e-01
  6.64479285e-02 -1.20909266e-01 -4.81238663e-02 -1.76932022e-01
 -1.03747681e-01  7.66380224e-03 -1.85502376e-02 -1.14385366e-01
  5.17179668e-02 -9.49193910e-02  2.17619948e-02 -1.03418805e-01
 -1.83119640e-01 -1.16990894e-01  4.48386967e-02  9.45181176e-02
 -9.92710516e-03 -5.06597832e-02  5.73113374e-02 -8.40733480e-03
 -9.83203426e-02 -1.63071807e-02 -1.06119923e-01 -1.54784694e-01
 -3.30356844e-02  3.41932452e-03  7.39091784e-02  6.14036582e-02
 -6.34470284e-02 -7.01524615e-02 -1.02121003e-01 -1.06054127e-01
 -1.84296966e-01 -1.26430262e-02 -1.14627823e-01  2.76823249e-02
 -6.59195781e-02  2.80354116e-02  2.58499421e-02 -7.52935931e-02
 -1.04324542e-01  1.76294204e-02  3.66340764e-02 -1.70157272e-02
 -1.95614249e-02 -1.61489204e-01  5.32584377e-02 -9.22904685e-02
  6.55769110e-02 -1.04743101e-01 -3.35151958e-03 -1.83635857e-02
 -7.63302436e-03 -5.92947975e-02  5.73855825e-02  3.52092907e-02
 -3.44213732e-02 -8.04537460e-02 -4.32562009e-02  4.17821370e-02
  4.02045026e-02 -2.00726748e-01  2.67522689e-02  9.11039580e-03
 -1.07372291e-02 -1.49688035e-01  4.47743721e-02 -7.52595961e-02
 -1.70625865e-01 -6.64137602e-02 -1.45588994e-01  2.65182331e-02
 -1.79358125e-01 -1.63634792e-01 -1.35821134e-01 -1.20339632e-01
  3.39128748e-02  5.03172576e-02 -9.27165896e-02  2.90573202e-02
 -1.02753974e-01 -5.43639250e-02  2.56257933e-02 -4.12333896e-03
  4.08851802e-02 -2.03067124e-01  6.44066092e-03 -1.76809266e-01
 -8.34446847e-02 -2.54294369e-03 -1.20829783e-01  1.25066489e-02
 -5.83770201e-02  3.77904139e-02 -1.15485445e-01 -1.32416457e-01
 -1.13956511e-01 -1.88334808e-01 -8.62833038e-02  4.24004048e-02
 -1.53290434e-02 -1.18177585e-01 -1.12321898e-01 -5.40526137e-02
 -1.76236778e-01  2.62754783e-02 -9.04846266e-02 -1.69630665e-02
 -1.33264288e-01 -6.20615184e-02 -7.01564476e-02  5.22007421e-02
 -1.07439905e-01 -4.65159230e-02 -1.35893404e-01 -5.37790693e-02
 -5.42615950e-02 -1.29931793e-01  4.26721424e-02 -1.48209542e-01
  5.10600694e-02 -1.09593207e-02 -2.34210212e-02  9.85997915e-02
  9.54837650e-02 -6.59775361e-02  2.39861719e-02 -1.41133070e-01
 -1.87984228e-01  9.66221690e-02  3.50906923e-02  4.31986526e-02
 -2.45941028e-01 -1.48229107e-01 -9.04051885e-02  5.91246225e-02
 -1.24427080e-01 -5.00831641e-02 -1.57923251e-01  5.01954108e-02
 -1.27810180e-01 -2.32658356e-01 -1.15517765e-01 -9.67180207e-02
 -1.03249654e-01 -2.46643990e-01  6.94140345e-02  1.84309129e-02
  8.16276819e-02  3.04568559e-02  6.46231044e-03 -1.37431785e-01
 -1.79298490e-01 -8.35739002e-02 -1.04949296e-01  6.26258552e-02
 -1.31875902e-01  4.15909551e-02 -9.09068584e-02 -9.89965647e-02
 -8.42532218e-02 -1.11797705e-01 -1.70682892e-01 -3.36584374e-02
 -1.98198974e-01 -8.78844112e-02 -8.93006250e-02 -5.17197289e-02
 -1.27349645e-01 -1.13714591e-01 -1.26990706e-01 -7.04515278e-02
 -1.41276404e-01 -5.41986339e-02  4.01233956e-02 -4.95117763e-03
 -1.18348897e-01  7.47130364e-02 -7.83519223e-02  5.73840737e-02
 -8.94935355e-02  2.64337957e-02 -1.73309788e-01 -1.17632756e-02
 -6.22827839e-03 -2.66298838e-02 -6.29869709e-03 -1.67180568e-01
 -1.01391353e-01 -1.24810964e-01  4.86076809e-02 -7.15519441e-03
 -1.69755116e-01 -1.43240631e-01 -2.96192132e-02 -1.08096093e-01
 -1.24256954e-01 -1.37793675e-01  1.86981373e-02  4.65350077e-02
 -1.46555379e-01 -9.61143300e-02  4.94815595e-02 -2.12151334e-01
  6.25535771e-02 -1.34998754e-01  3.30666453e-02 -9.60802436e-02
 -3.28028910e-02  3.63568007e-03 -3.85589972e-02 -1.32057384e-01
 -1.56137407e-01  1.54225780e-02 -1.51771441e-01  3.67417634e-02
 -1.71724275e-01 -1.37744740e-01 -1.66322216e-01 -1.58107802e-02
 -6.70261383e-02  3.29333395e-02 -8.91098082e-02 -6.01172224e-02
 -1.09884679e-01 -1.49980277e-01 -1.04887061e-01 -4.86195758e-02
 -1.75703168e-01  2.60935295e-02 -2.47405306e-01 -1.20674908e-01
 -1.07546717e-01 -1.22113131e-01 -3.71547341e-02 -1.12441443e-01
 -1.02070987e-01 -1.14433542e-01 -1.94135576e-01 -6.15034550e-02
 -2.88228076e-02 -1.89119443e-01 -1.52300790e-01 -1.60074189e-01
 -1.14286067e-02  3.24566029e-02 -1.08450331e-01  7.69035071e-02
 -1.33282840e-01 -1.20489135e-01  5.41745424e-02  4.17043120e-02
 -1.60174012e-01  7.74171576e-02 -7.98955709e-02 -1.87457263e-01
 -2.81157158e-03 -2.03010187e-01 -1.03008315e-01 -2.06989758e-02
 -1.54883280e-01 -1.56939819e-01 -1.23428747e-01  2.32501514e-02
 -7.25113973e-02  5.68003990e-02 -1.65035263e-01  6.07394315e-02
  5.85716479e-02 -1.82207689e-01 -1.03107043e-01 -1.75379515e-01
 -1.69322655e-01  6.89382553e-02  1.28589468e-02 -9.89238098e-02
 -7.91043043e-02 -1.52932018e-01 -8.55016708e-02 -8.01559016e-02
 -7.18696639e-02 -1.32336468e-01 -7.34859779e-02  3.67575735e-02
  4.45734942e-03 -5.35920747e-02 -1.33711636e-01 -9.34927315e-02
 -1.14378326e-01 -1.57713294e-01 -1.42285258e-01 -9.88882482e-02
 -1.09639289e-02  4.94833924e-02 -1.21178873e-01 -1.65909708e-01
 -8.02163705e-02 -3.10903834e-03 -1.42541870e-01 -1.13982074e-01
 -1.52024791e-01  4.81743142e-02  4.17473726e-02 -2.00661466e-01
 -1.31853446e-01 -1.49108902e-01 -7.92533904e-02 -1.52804479e-01
 -1.17201440e-01  7.41281211e-02  5.22945039e-02 -1.29167616e-01
  3.96282086e-03 -5.93400076e-02  3.86120006e-02 -1.80794328e-01
 -6.74364343e-02  3.55965532e-02  4.65032645e-02  2.48581497e-03
 -1.44660443e-01 -1.51361991e-02 -2.71923491e-03 -1.63709909e-01
  4.31658179e-02  1.39961625e-02 -1.00444533e-01 -1.79627031e-01
 -1.64618164e-01 -1.37275994e-01 -6.07050136e-02  4.34664488e-02
 -1.41367108e-01  5.38692810e-02 -9.00725052e-02 -2.58861426e-02
 -1.38414025e-01  3.10185123e-02 -1.55800521e-01 -2.10910425e-01
  1.52890980e-02 -5.92234731e-03  6.12171777e-02 -8.55344087e-02
 -1.37350440e-01 -3.29745524e-02  5.13887703e-02 -1.79263446e-02
 -8.54925811e-02  9.19420738e-03  6.48940206e-02  6.25241324e-02
 -1.57659501e-01 -3.35124247e-02  7.12969303e-02  6.94528744e-02
 -1.83830887e-01  1.65954400e-02 -1.26633113e-02  1.61808208e-02
 -1.65667146e-01 -1.91359390e-02 -5.44591667e-03  5.93706034e-02
 -2.38838559e-03  4.33064774e-02  7.91917518e-02  4.42627482e-02
  1.63027793e-02  7.43644014e-02 -1.71499066e-02 -2.93488726e-02
 -2.02587366e-01 -9.92813334e-02  5.55176474e-02 -1.22383937e-01
 -1.09143123e-01 -8.94036368e-02 -1.04713641e-01 -1.58360422e-01
 -1.09812841e-01  4.98344861e-02 -8.47167820e-02 -5.30931652e-02
 -7.35877752e-02 -9.60382000e-02 -6.20830432e-02  1.61145558e-03
 -9.37463567e-02  5.84335774e-02  4.93170209e-02 -1.35185823e-01
  5.75088151e-02 -1.52437508e-01 -1.71195075e-01 -5.30674234e-02
 -4.35452312e-02 -6.74561560e-02 -1.04068061e-02 -1.22234888e-01
  2.48667337e-02 -7.54748434e-02  4.26192395e-02 -1.48923129e-01
  8.66446570e-02 -7.68365562e-02  6.45866469e-02 -9.20445994e-02
 -7.87926242e-02 -4.33829390e-02  5.08516803e-02 -1.40812963e-01
 -2.17375427e-01 -1.22905545e-01  6.97230641e-03 -2.49816149e-01
 -1.74365491e-01  7.03851953e-02  6.91366643e-02 -3.25075351e-02
 -2.35366046e-01 -1.47591501e-01 -8.44623297e-02 -9.50843692e-02
  3.78772728e-02 -2.76210189e-01  6.69315085e-02 -6.76145926e-02
 -1.09229401e-01 -7.70980269e-02 -8.27969089e-02 -2.36727893e-01
  3.63798589e-02 -1.55845672e-01 -1.14435464e-01 -1.08570851e-01
 -1.84877411e-01 -7.07299411e-02 -6.23227805e-02  4.93489318e-02
 -8.53037927e-03 -1.39328390e-01 -5.00070229e-02 -5.62972724e-02
  2.85497122e-03  1.27455406e-02  2.71611623e-02 -3.83479111e-02
 -1.44617970e-03 -7.14206472e-02 -1.01522855e-01  5.69858626e-02
 -6.26601502e-02 -1.98698029e-01 -1.51434898e-01 -2.35003605e-01
 -5.01467139e-02  2.03657872e-03 -1.58698425e-01  6.23125508e-02
 -1.37500803e-03 -1.78787820e-02  4.57243435e-02 -9.78107154e-02
 -1.60279408e-01  3.96692753e-02 -2.44842693e-01 -2.01228056e-02
 -4.52803373e-02  2.86626015e-02 -1.37449175e-01 -1.21040337e-01
 -1.08086422e-01 -1.62971482e-01 -1.42075866e-01 -1.49133608e-01
 -8.77198651e-02  9.03897434e-02  6.84827520e-03 -1.08223967e-01
 -8.94614384e-02 -1.43827677e-01  5.51671870e-02 -3.30461981e-03
 -1.94665551e-01 -9.96199101e-02  6.20045215e-02  5.29637448e-02
 -5.94508648e-02  3.21615823e-02 -5.52624092e-03 -1.26873210e-01
 -2.25010112e-01 -1.72614977e-01  1.15273707e-02  3.32594700e-02
 -1.03787467e-01 -1.44556403e-01 -1.40134797e-01 -2.13762164e-01
  4.52835113e-02 -1.50286183e-01  2.50898488e-03  3.05704642e-02
  1.91271324e-02  3.91817428e-02 -1.07776886e-02 -3.10606863e-02
 -8.23464543e-02 -1.73253581e-01 -1.41843826e-01  3.27091068e-02
 -1.16050318e-01 -7.84168914e-02 -1.57606900e-01 -4.10350971e-02
 -5.08429632e-02 -1.27665892e-01  4.60900217e-02  1.67727731e-02
  1.40513666e-02 -9.49257612e-02 -1.04788467e-02 -5.25751412e-02
 -1.06446676e-01 -9.06570703e-02 -6.64185211e-02 -1.56528994e-01
  2.77778804e-02 -1.46453142e-01 -1.26472637e-01 -7.29618892e-02
 -2.23473962e-02 -6.64783716e-02 -1.96218461e-01 -1.45352691e-01
 -1.42037645e-01  1.08564598e-02 -2.02369407e-01  5.12059331e-02
  2.64262892e-02  5.17731793e-02 -2.38032192e-02  3.93626317e-02
 -1.42970413e-01  5.45305386e-02 -1.13972016e-01  4.03283462e-02
  3.98396477e-02  5.37663959e-02  2.87480615e-02 -1.89474374e-01
  1.08863348e-02  6.41119061e-03 -6.62911534e-02  2.93925665e-02
 -9.19490829e-02 -3.58352549e-02 -1.04174756e-01 -1.81545708e-02
 -6.46358952e-02  3.96377929e-02 -1.71539605e-01 -1.19591139e-01
 -4.49120998e-02 -1.36313796e-01 -7.89322928e-02  4.74137329e-02
 -2.63182516e-03 -1.64856687e-01 -1.14472583e-01  4.84875068e-02
 -5.21039963e-02 -1.15707345e-01 -5.42312227e-02 -1.34237722e-01
  4.63253865e-03 -9.79746208e-02 -1.09867543e-01  2.46130638e-02
 -4.61144373e-02 -7.08793104e-03  5.64865186e-04 -3.54741253e-02
  8.52295086e-02 -7.37629831e-03 -1.88901484e-01  8.39537680e-02
 -9.89591181e-02 -6.25063777e-02 -8.43247958e-03 -6.02630675e-02
 -1.40742421e-01 -7.60645643e-02 -3.51985940e-03 -6.71856329e-02
 -6.74286187e-02 -1.21513233e-01 -1.71392068e-01 -6.39772341e-02
 -2.06532583e-01 -1.08658709e-01 -1.72429189e-01  3.45318429e-02
 -1.46774411e-01 -1.69679493e-01 -9.12507921e-02  2.42692530e-02
  2.21151039e-02  4.51716781e-02 -8.60445276e-02 -5.77239394e-02
  3.04001756e-02  6.20366111e-02 -9.57851484e-02  6.26747683e-02
 -1.10072590e-01 -8.03375766e-02  4.68210652e-02  7.28183091e-02
 -7.95690566e-02 -1.09029807e-01 -7.35727772e-02 -1.42801389e-01
 -1.37703866e-01 -5.01268283e-02  7.48009309e-02 -1.00683525e-01
  5.51943518e-02 -1.11005502e-02 -1.53638467e-01 -1.93170324e-01
 -1.39574900e-01  2.69040465e-02  5.00462092e-02 -1.62085786e-01
  6.42061830e-02  6.64515272e-02 -1.64098129e-01 -1.27875462e-01
  3.45257819e-02 -1.06955476e-01 -1.55582115e-01 -1.65346369e-01
 -7.07667246e-02  1.21093066e-02 -9.98855680e-02 -1.70104250e-01
 -1.28930449e-01 -7.60832429e-02  6.96431100e-02  1.87837537e-02
  2.41012927e-02  4.79074754e-02 -9.92270708e-02  2.28760615e-02
  6.43872246e-02 -1.14506170e-01 -4.40762043e-02 -6.14801273e-02
  1.72713883e-02 -1.43273532e-01  4.61188257e-02 -1.71031773e-01
  3.44080739e-02 -1.53058380e-01 -1.14834026e-01 -4.59330529e-02
 -4.43463549e-02 -2.00965032e-01 -1.77066088e-01 -6.98585659e-02
  7.30380863e-02 -2.09485188e-01  4.80896719e-02 -3.75234038e-02
  4.83775474e-02  5.39872982e-02 -1.20971449e-01  2.29342096e-03
 -8.31548125e-02  6.25860505e-03  6.01662941e-05 -1.70663506e-01
 -1.16444670e-01 -3.91492210e-02 -2.93294247e-02 -1.30098075e-01
 -1.14976905e-01 -9.95958596e-02 -1.10031806e-01 -1.33847415e-01
  8.11687782e-02 -1.02001697e-01 -1.18300818e-01 -1.43473342e-01
 -1.44819364e-01 -9.47080553e-02  5.17142527e-02 -1.26655415e-01
 -3.76442424e-03  2.51553617e-02  3.20839975e-03 -1.79731295e-01
  6.02225736e-02 -4.53176647e-02 -1.28646731e-01 -1.54833078e-01
  3.95426154e-02 -2.14927047e-01  1.95382684e-02 -2.06722394e-02
  5.77356555e-02 -1.35083809e-01  5.04396297e-02 -1.03395209e-01
 -9.81068313e-02 -1.21896833e-01  5.71877658e-02 -4.84428182e-02
 -8.91783312e-02 -5.35973608e-02 -1.34429425e-01  3.42891030e-02
 -2.09410682e-01 -1.21729307e-01 -2.29769070e-02 -1.60808712e-01
  5.03211319e-02  2.59547066e-02 -2.17975408e-01  6.57335594e-02
  4.64047492e-02 -4.89172228e-02 -1.09287910e-01 -1.09932221e-01
 -8.09226185e-02  7.81044364e-02  5.74403442e-02 -3.49192284e-02]

fc_3_result :
[[0.         0.69677067 0.92090726 0.         0.42970124 0.
  0.8363418  0.         0.         0.         0.7808642  0.
  0.09162586 0.         0.0726933  0.         0.0546458  0.64377844
  0.48962805 0.         0.         0.0456489  0.         0.
  0.         0.947289   0.26052922 0.46583557 0.         0.
  0.         0.         0.         0.19647695 0.         0.14802077
  0.5853429  0.7550418  0.42346975 0.         0.         0.99163324
  0.         0.16383478 0.         0.         0.31285995 0.
  0.53234655 0.         0.         0.04234722 0.68523103 0.8951216
  0.         0.         0.         0.         0.         0.
  0.04033142 0.2530845  0.4637728  0.5347205  0.         0.735036
  0.77207863 0.3085404  0.1833978  0.         0.57324827 0.7939016
  0.5901272  0.         0.6030515  0.08288458 0.05322236 0.
  0.         0.         0.12064471 0.         0.         0.
  0.13461256 0.1212196  0.59705406 0.         0.         0.27538168
  0.         0.62880003 1.0226885  0.         0.         0.
  0.         0.         0.38333964 0.08212759 0.         0.
  0.8412836  0.         0.03784932 0.         0.         0.
  0.         0.9195962  1.1113789  0.         0.         0.
  0.90609026 0.         0.4246424  0.4321216  0.         0.4419434
  0.96639955 0.58702016 0.         0.7347442  0.         0.
  0.         0.         0.59995604 0.1260846  0.         0.5837978
  0.         0.         0.         0.         0.8625005  0.
  0.7681925  0.19277963 0.34668124 1.1212416  0.10103033 0.
  0.         0.         0.7245912  0.         0.7427749  0.13632624
  0.         0.8300427  0.         0.3155667  0.03525199 0.34780753
  0.706593   0.         0.         0.63864374 0.         0.
  0.57661057 0.5585506  0.         0.         0.         0.39614618
  0.76587397 0.         0.         0.         0.         0.
  0.5696135  0.         0.5362293  0.85903376 0.         0.
  0.         0.4648302  0.76146007 0.         0.         0.
  0.         0.05598869 0.         0.777174   0.78106    0.06159189
  0.6720435  0.88738227 0.8117642  0.         0.         0.49490035
  0.15851246 0.         0.         0.         0.         0.
  0.30141574 0.         0.         0.17768909 0.7846184  0.
  0.         0.5337552  0.         0.         0.         0.5407172
  0.         0.         0.         0.         0.07218228 0.15052755
  0.09664565 0.         0.5528432  0.         0.         0.06349629
  0.73226106 0.         0.         0.07869194 1.1587516  0.0016296
  0.8614706  0.         0.5424635  0.40639493 0.71937424 0.
  0.6763737  0.         0.41824245 0.         0.         0.
  0.07410014 0.0989987  0.9185436  0.         0.         0.16029467
  0.         0.43045536 0.         0.44942573 0.43990707 0.
  0.4028038  0.99696034 0.         0.1962356  0.         0.0443192
  0.         0.         1.0934033  0.38247043 0.         0.
  0.52813613 0.49902895 0.5851129  1.1627645  0.         0.
  0.         0.48265082 0.         0.5718938  0.         0.5764323
  0.44226277 0.02257398 0.         0.88441867 0.9997544  0.30481747
  0.         0.         0.         0.08511211 0.         0.16919337
  0.         0.         1.2523576  0.         0.43454728 0.01678292
  0.         0.4138799  0.         0.03691528 0.         0.
  0.         0.07843496 0.         0.17829925 0.         0.
  0.35397342 0.14450336 0.59780824 0.8855293  0.8513163  0.8521744
  0.3008501  0.         0.87907326 0.         0.         0.22972426
  0.         0.         0.         0.24928063 0.         0.
  0.         0.         0.         0.8688961  0.         0.58865964
  0.50075924 0.         0.33059156 0.         0.39278403 0.6881401
  0.         0.         0.         0.53227097 0.         0.0647077
  0.03048215 0.50249165 0.         0.7900053  0.         0.644782
  0.70020187 0.         0.09213775 0.6051111  0.5022083  0.
  0.         0.23956145 0.         0.         0.         0.
  0.         0.39949048 0.         0.88966775 0.         0.96238196
  0.49474207 0.         0.9443367  0.         0.         0.0112439
  0.         0.7180823  0.5066185  1.1320934  0.10595028 0.
  0.         0.39686453 0.         0.         0.8325174  0.
  0.42594132 0.00151909 0.         0.         0.16623674 0.09176239
  0.         0.01181426 0.65144426 0.7171008  0.         0.
  0.5674926  0.83927554 0.         0.03523524 0.         0.
  0.         0.         0.         0.9213043  0.02674833 0.
  0.503595   0.         0.67433673 0.         0.         0.7383939
  0.8193362  0.         0.9421922  0.         0.         0.8342146
  0.         0.5458055  0.         1.0425324  0.         0.56256634
  0.         0.         0.         0.4661193  0.88291544 0.
  0.7212898  0.         0.7030867  0.         0.         0.06606467
  0.93592286 0.         0.22969739 0.12853853 0.9778374  0.40652865
  0.02897158 0.06874302 0.         0.         0.5651839  0.6998661
  0.74180716 0.58860964 0.         0.50856626 0.7887185  0.
  0.25732297 0.         0.89647233 0.         0.7995162  0.07301461
  0.00793701 0.5200642  0.3097627  0.         0.67265695 0.5358209
  0.         0.         0.9426409  0.23293604 0.28947958 0.5787933
  0.6868447  0.         0.         0.64762604 0.5524448  0.
  0.         0.2141625  0.         0.         0.         0.68691283
  0.43529546 0.13805704 0.43770504 0.         0.6841666  0.
  0.28823662 0.         0.8227501  1.0948983  0.         0.
  0.4346552  0.         0.         0.2725816  1.0765476  0.9683692
  0.44908673 0.39652202 0.25783157 0.         0.37215537 0.85034204
  0.01385225 0.408634   0.         0.4644472  0.54349536 0.
  0.42907336 0.06903831 0.         0.5061354  0.3975064  0.
  0.683687   0.         0.06494133 0.         0.7268183  0.
  0.         0.         0.8370693  0.         0.         0.72399765
  0.         0.04134196 0.3514909  0.         0.49233082 0.36581343
  0.93027365 0.1359775  0.         0.         0.24436504 0.
  0.         0.         0.         0.         0.73219335 0.
  0.         0.         0.43412745 0.00937776 0.         0.603174
  0.         0.69375014 0.         0.51937026 0.08968695 0.
  0.44004256 0.         0.12767433 0.93013936 0.69068986 0.8317392
  0.626823   0.         0.82998586 0.84621274 0.         0.07708589
  0.         0.05512884 0.         0.         0.7554877  0.93654317
  0.         0.         0.         0.6482815  0.8841161  0.
  0.         0.08097522 0.03629719 0.         0.         0.6664201
  0.635579   0.         0.         0.         0.5745845  0.68610156
  0.         1.2308896  0.         0.         0.02408683 0.03631334
  0.6167538  0.25474262 0.9429528  0.3339247  0.54951006 0.
  0.59140545 0.         0.12586027 0.         0.         0.7614213
  0.         0.15088062 0.         0.96100986 0.69114804 0.08769678
  0.774037   0.         0.         0.8128167  0.         0.
  0.40565407 0.         0.         0.         0.45860198 0.
  0.         0.         0.8256014  0.01441322 0.6135457  0.
  0.00256242 0.         0.05280884 0.         0.02099304 0.
  0.         0.690775   0.809136   0.46372893 0.         0.9432306
  0.         0.6151369  0.         0.         0.6662492  0.
  0.         0.         0.49278447 0.6730309  0.5823412  0.13089108
  0.         0.         0.         0.         0.         0.
  0.45835048 0.         0.         0.         0.         0.13469946
  0.         0.5458474  0.         0.8443728  0.         0.
  0.         0.15135716 0.6188706  0.         0.         0.8307331
  0.7346051  0.6056678  0.69434506 0.63776714 0.8038554  0.88076735
  0.         0.         0.22580588 0.         0.         0.9631525
  0.         0.6391631  0.         0.         0.         0.
  0.         0.82343626 0.02432387 0.         0.77907497 0.5049402
  0.8543294  0.         0.         0.         0.70105267 1.0489726
  0.         0.         0.5573557  0.         0.6209996  0.
  0.47414413 0.         0.25445473 0.         0.         0.6419465
  0.545329   0.78964883 0.63336617 0.04468022 0.75249386 0.
  0.3697747  0.7630241  0.         0.         0.81513804 0.
  0.57305306 0.         0.         0.80069107 0.295962   0.
  0.09040598 0.06246278 0.6396267  0.         0.         0.
  0.         0.         0.37531155 0.02817437 0.23242603 0.
  0.3587917  0.50331205 0.         0.6498326  0.         0.
  0.         0.         0.         0.7376572  0.         0.
  0.         0.87029016 0.5126154  0.8592655  0.         0.
  0.56677544 0.         0.         0.22218508 0.6419332  0.
  0.         0.5438674  0.36172283 0.         0.         0.
  0.8198307  0.         0.         0.55687916 0.07538251 0.
  0.4009562  0.5158998  0.         0.         0.         0.39885676
  0.46508625 0.         0.         0.6218672  0.843194   0.29595897
  0.         0.7713751  0.81595516 0.6407332  1.0657673  0.
  0.6211794  0.         0.         0.         0.         0.
  0.3474179  0.         0.         0.15769523 0.8681779  0.
  0.         0.12792438 0.         0.         0.53779197 0.
  0.5848643  0.         0.7775915  0.62524164 0.03537367 0.36213097
  0.         0.         0.         0.         0.         0.
  0.         0.         0.         0.         0.8392913  0.
  0.         0.3797314  0.11267081 0.09111456 0.         0.10442135
  0.         0.5275639  0.22538844 0.39396513 0.         0.
  0.         0.         0.04351909 0.5604046  0.         0.31367025
  0.79158676 0.         0.12163104 0.         0.7743465  0.
  0.5938874  0.         0.         0.02022752 0.         0.
  0.         0.9902727  0.         0.         0.3912267  0.
  0.         0.         0.         0.5356021  0.         0.
  0.         0.         0.         0.         0.         0.2679469
  0.9694019  1.0240129  0.         0.         0.         0.
  0.         0.         0.         0.478416   0.         0.
  0.         1.0416731  0.         0.         0.         0.57026166
  0.34835935 0.5433446  1.1003046  0.9183781  0.         0.
  0.         0.74222857 0.07422097 0.01187897 0.         0.49242935
  0.         0.         0.         0.         0.         0.
  0.01491718 0.06977911 0.         0.06111986 0.         0.91248727
  0.         0.         0.         0.         0.         0.5477622
  0.74222773 0.         0.         0.59676635 0.1923032  0.27604932
  0.6116387  0.         0.         0.63646924 0.         0.
  0.         0.762017   0.5490564  0.         0.02528682 0.
  0.21764976 0.323555   0.         0.6178507  0.         0.3315125
  0.         0.         0.         0.         0.         0.
  0.07685362 0.         0.79622126 0.812701   0.3523462  0.
  0.         0.         0.         0.8878789  0.         0.
  0.08816609 0.8088717  0.         0.         0.         0.
  0.         0.         0.60964555 0.         0.02809292 0.
  1.0865121  0.41233903 0.83236617 0.5569988  0.         0.
  0.         0.08187355 0.         0.9811988  0.5150593  0.62511826
  1.0792699  0.         0.         0.        ]]

